eps: 0.1
100	120	140	160	180	200	220	240	260	280	300	
ParallelDistortedFilter 
revenue: 
579407	687026	749079	804382	856417	912466	969295	1.02187e+06	1.08175e+06	1.13945e+06	1.18113e+06	
oracle times: 
54217	59669	59365	59222	62325	62228	62228	68740	68740	68740	68740	
cost: 
117335 0	144928 0	175468 0	214827 0	245061 0	283622 0	318537 0	362384 0	402980 0	434769 0	473795 0	
IterativeDistortedFilter 
revenue: 
622978	720405	806163	883666	954614	1.01573e+06	1.07185e+06	1.11932e+06	1.15614e+06	1.18928e+06	1.21705e+06	
oracle times: 
3071	3120	3170	3224	3277	3334	3389	3464	3523	3591	3668	
cost: 
97150.3 0	134055 0	161234 0	191858 0	225300 0	256859 0	299509 0	340845 0	377185 0	421872 0	471849 0	
Haba 
revenue: 
572301	647844	723566	780636	825351	859640	886887	908086	919216	920582	920582	
oracle times: 
52275	52447	54744	56611	59401	60315	61080	62589	64793	64987	64987	
cost: 
134383 0	167384 0	189016 0	237325 0	290456 0	361375 0	420921 0	477294 0	552987 0	604912 0	604912 0	
RandomMultiGreedy 
revenue: 
582821	664048	736212	796650	848802	892445	928029	956739	978747	992394	995294	
oracle times: 
1970	2076	2217	2367	2479	2630	2785	2858	2932	3032	3117	
cost: 
118390 0	154783 0	197695 0	244602 0	293007 0	350510 0	422422 0	478255 0	530842 0	606307 0	652418 0	
RandomSelection 
revenue: 
-202460	-236025	-278417	-275242	-315607	-371614	-403537	-440827	-500004	-537638	-563322	
oracle times: 
0	0	0	0	0	0	0	0	0	0	0	
cost: 
497672 0	597462 0	698484 0	762572 0	852559 0	959920 0	1.05452e+06 0	1.15384e+06 0	1.26012e+06 0	1.36372e+06 0	1.45148e+06 0	
