eps: 0.1
max node: 
100	200	300	400	500	600	700	800	900	1000	
ParallelDistortedFilter 
revenue: 
22485	27929.1	29911.3	31387.9	32417.8	32775.4	32999.4	33409.7	33646.9	33714.7	
oracle times: 
2539349	3098062	3386056	3710433	3710403	4027816	4027816	4380928	4380928	4380928	
memory: 
2349	5323	7924	8267	8267	9673	9673	9673	9673	9673	
IterativeDistortedFilter 
revenue: 
24957.2	29306.9	31493.5	32786.2	33635.7	34236.5	34644.4	34948.8	34958.9	34958.9	
oracle times: 
266716	269775	273251	276340	279236	282835	285257	288296	288326	288326	
Haba 
revenue: 
18471.4	22156.8	23771.9	24589.9	25087.7	25414.5	25626.3	25772.8	25844.2	25872.3	
oracle times: 
3018569	3419495	3649316	3870707	3938858	4131996	4173317	4330963	4355867	4364365	
memory: 
48892	91498	126422	155907	164537	177339	178723	185217	185294	185294	
RandomMultiGreedy 
revenue: 
19899.1	22802.6	24099.4	24857.8	25409.5	25818.4	26114.1	26330.5	26495.3	26614.8	
oracle times: 
139477	147629	154358	160446	166052	170953	176648	181174	184586	189657	
RandomSelection 
revenue: 
2372.29	4715.6	6080.67	6699.46	8038.49	8487.4	9050.32	9711.72	10568.1	10850	
oracle times: 
0	0	0	0	0	0	0	0	0	0	
memory: 
100	200	300	400	500	600	700	800	900	1000	
