0	1	4492.23	0	2221.27
1	2	4146.54	0	2049.83
1	16	3457.92	0	2448.18
2	3	6965.87	0	980.72
3	4	5073.09	0	2795.8
3	854	1643.83	0	536.448
5	6	7570.65	0	2990.6
5	879	9703.87	0	1641.44
6	7	6187.13	0	1909.42
6	21	1670.33	0	1046.97
6	22	4496.59	0	2032.84
6	410	7670.89	0	3105.19
6	452	9680.89	0	4993.78
6	453	5099.97	0	3218.32
6	888	6055.53	0	4005.03
7	8	858.664	0	127.843
7	478	612.998	0	370.113
7	479	801.999	0	2136.21
7	560	5645.84	0	2993.91
8	9	8537.35	0	1092.81
8	536	8262.56	0	1287.26
8	560	4861.72	0	4430.71
8	1073	3867.45	0	1606.56
9	10	8930.33	0	3957.41
9	535	2657.13	0	160.516
9	560	8779.62	0	1250.1
10	11	9936.92	0	4124.79
10	559	6229.85	0	792.977
11	12	608.834	0	4602.72
11	26	7481.46	0	480.575
11	29	1164.51	0	3295.68
11	558	6272.34	0	1520.24
12	13	1614.11	0	1533.14
12	595	4626.28	0	4219.88
12	1137	2033.39	0	1501.1
13	33	9299.08	0	4839.18
14	15	8268.84	0	3284.37
15	16	3155.37	0	4767.24
16	17	7001.71	0	822.3
17	18	2984.41	0	3996.23
17	822	3933.37	0	169.4
18	19	5668.15	0	2040.28
18	387	7366.25	0	3901.12
18	388	3152.8	0	1049.13
18	626	8600.84	0	1592.03
19	20	5907.5	0	3127.63
21	408	8317.71	0	2640.79
21	884	1619.81	0	4291.98
22	23	6884.63	0	4375.49
22	536	4323.51	0	2556.24
22	537	2252.89	0	3541.78
22	1077	3055.8	0	1701.38
22	1108	3252.44	0	2837.45
23	24	2384.61	0	4109.59
23	1109	5713.54	0	2937.68
24	25	3595.1	0	2620.72
25	26	8448.17	0	1720.25
26	27	429.567	0	948.04
26	560	9058.33	0	4327.17
27	28	8389.48	0	3061.71
28	29	611.638	0	1141.97
29	30	2259.9	0	3537.51
30	31	1927.82	0	519.268
31	32	2587.87	0	4455.07
32	33	4941.01	0	4894.9
33	1158	4543.75	0	4735.14
34	35	5212.66	0	3678.46
34	391	1967.79	0	1168.94
35	36	4802.58	0	3938.03
35	630	736.178	0	2366.34
36	37	9755.43	0	1551.43
36	627	3617.89	0	3566.54
36	862	4473.1	0	4010.23
36	1010	6033.3	0	2658.59
37	38	8760.5	0	2749.52
38	39	8814.22	0	1501.08
38	411	7975.66	0	3484.34
38	412	347.116	0	3835.01
38	627	1663.91	0	1040.43
38	874	6843.52	0	1955.8
38	875	6922.22	0	1418.41
38	880	7571.35	0	1702.87
39	40	971.136	0	1224.31
40	41	8794.51	0	4860.62
41	42	6550.97	0	3010.69
41	875	1526.83	0	4173.51
41	880	7697.6	0	597.121
41	881	6362.4	0	3892.79
42	43	9650.38	0	3708.62
42	49	6147.24	0	3370.88
42	50	4640.06	0	486.728
42	410	5419.79	0	379.509
42	453	3096.5	0	4280.79
42	454	2734.42	0	507.628
43	44	2485.6	0	1873.63
44	45	1638.37	0	200.41
44	887	2536.7	0	3517.03
45	46	5770.04	0	828.859
45	484	8320.04	0	1672.17
45	888	8680.63	0	2770.39
45	1035	1738.75	0	149.052
46	47	1569.04	0	1611.47
46	72	587.33	0	1029.27
46	485	2122.85	0	1419.6
46	889	9382.97	0	4129.3
47	48	884.231	0	1010.32
47	73	6347.8	0	3027.44
48	49	5534	0	105.243
48	484	8005.11	0	329.854
48	628	2540.92	0	3627.28
49	50	6140.67	0	1518.35
49	628	2960.84	0	2650.99
50	51	4450.72	0	2682.44
50	537	2252.7	0	372.07
50	900	8825.39	0	368.546
51	52	9240.91	0	1875.55
52	53	363.652	0	4494.16
52	628	8094.67	0	2618.22
53	54	3282.76	0	2092.97
53	539	9568.98	0	3603.99
54	55	826.526	0	1256.67
55	56	2552.38	0	4714.63
55	539	8558.75	0	1696.15
55	540	8572.53	0	4578.65
55	911	7591.61	0	4941.55
56	85	7602.21	0	3084.1
56	540	9205.15	0	1573.71
56	561	5620.3	0	1124.48
57	58	9913.63	0	891.262
58	59	5115.19	0	1631.61
60	61	1810.39	0	3603.45
61	62	8175.74	0	1983.01
61	1143	9433.39	0	3302.06
63	64	5609.17	0	4375.18
63	393	9532.4	0	3543.26
63	410	9032.85	0	953.791
63	841	1261.2	0	1659.12
64	65	4335.78	0	1285.86
64	392	234.76	0	949.064
64	393	145.027	0	4725.54
64	1011	6496.68	0	4321.76
65	66	2369.71	0	1997.67
66	67	5988.4	0	3932.25
67	68	7845.78	0	4054.4
67	668	2605.49	0	4938.97
67	862	8907.18	0	3669.94
68	69	5383.86	0	1888.74
68	413	4116.61	0	845.83
68	414	4279.69	0	2099.17
68	629	8513.61	0	1215.45
68	632	1543.27	0	1693.95
69	70	3395.38	0	1749.75
69	416	9059.49	0	2450.4
69	455	2965.41	0	1483.03
69	669	2704.71	0	4170.14
69	878	8893.42	0	1522.12
70	71	740.005	0	3096
71	72	300.022	0	3100.82
71	670	4227	0	753.762
71	887	3801.32	0	1384.56
72	1036	8112.92	0	4581.95
73	74	274.546	0	2138.67
74	75	3841.48	0	4687.09
74	485	3625.84	0	1201.37
75	76	6702.56	0	1285.83
76	77	381.405	0	3032.7
76	676	1000.29	0	842.819
77	78	7774.71	0	3754.06
78	79	7295.23	0	2694.62
79	80	4947.5	0	2528.11
80	81	9962.62	0	3043.99
80	539	6011.74	0	210.186
80	540	3808.06	0	1829.59
80	541	3350.14	0	1632.28
80	903	8058.94	0	3477.63
81	82	9373.23	0	4532.15
82	83	219.193	0	1615.52
82	631	959.283	0	3767.05
83	84	2985.62	0	1902.91
83	114	5093.91	0	3635.58
83	115	4574.67	0	350.994
84	85	7897.7	0	1369.83
84	913	4058.86	0	3329.11
85	153	9281.12	0	857.651
85	1142	7223.85	0	4427.41
86	87	5117.19	0	854.622
87	88	3832.03	0	4552.04
88	89	6204.91	0	4416.34
89	90	5759.62	0	1335.84
89	603	8429.59	0	2805.56
89	797	575.242	0	1736.72
90	91	5520.1	0	3344.33
91	92	4866.15	0	4416.42
92	373	653.268	0	1666.12
92	374	4233.77	0	427.207
92	599	811.467	0	1694.78
93	94	513.459	0	4044.06
94	95	3488.95	0	1452.13
94	667	6063.09	0	120.41
95	96	9333.66	0	3939.95
96	97	9350.99	0	1764.67
97	98	7745.59	0	3484.9
98	99	7413.09	0	737.957
99	100	7683.66	0	553.283
99	136	8655.32	0	4967.05
99	632	6389.86	0	4846.03
99	680	7435.31	0	1303.74
100	101	1129.33	0	882.647
100	396	2071.86	0	3977.45
100	397	1934.84	0	877.653
101	102	8748.85	0	4443.18
102	103	9538.84	0	1142.72
102	668	2806.24	0	2864.47
103	104	9332.28	0	3951.55
104	105	5829.93	0	476.337
104	669	617.735	0	2802.88
104	670	1977.96	0	585.842
104	672	5028.96	0	3180.73
105	106	4397.43	0	4822.66
105	456	3081.91	0	3678.47
105	457	1639.08	0	3787.08
105	692	3198.22	0	1980.43
105	890	1161.61	0	1070.22
106	107	5266.28	0	2165.73
106	143	8079.59	0	3650.74
106	672	8688.52	0	4746.95
106	673	5676.13	0	3300.3
106	694	7780.25	0	1199.92
106	1039	9163.77	0	1103.61
106	1043	5555.05	0	3799.46
107	108	6866.72	0	2564.86
107	495	4769.51	0	3420.91
108	109	4883.13	0	4779.45
108	1078	1568	0	2014.66
109	110	988.468	0	1105.26
109	492	2356.29	0	4276.34
109	493	9086.65	0	2766.65
109	494	9327.59	0	4399.82
109	1041	3983.55	0	1789.62
110	111	9700.85	0	1334.06
111	112	1555.94	0	1185.97
111	904	3631.15	0	1870.27
112	113	4284.58	0	4972.98
113	114	9465.29	0	4000.83
114	148	9611.57	0	775.997
114	541	5721.39	0	2229.87
115	116	3274.12	0	3453.77
116	117	7887.26	0	4626.16
116	149	1665.52	0	4539.76
116	150	4143.31	0	1997.28
117	118	9530.99	0	161.255
118	119	2798.51	0	2336.14
119	120	7046.63	0	2479.18
119	1144	356.278	0	3893.31
120	121	9405.97	0	1892.22
120	1144	8526.93	0	231.482
121	122	8603.63	0	346.769
121	1149	1742.15	0	4405.94
122	123	973.496	0	3954.16
122	1148	3005.82	0	760.414
124	125	6109.99	0	4512.51
124	572	4669.83	0	3582.59
125	126	354.361	0	1930.78
125	1160	5011.9	0	1844.97
126	127	6677.37	0	831.286
127	571	3680.89	0	3967.94
128	129	7478.79	0	1181.13
129	130	971.224	0	2959.91
129	163	4045.4	0	2323.17
129	371	3730.32	0	779.842
130	131	3696.8	0	3994.43
131	132	2173.66	0	2535.77
132	133	856.351	0	4266.26
132	677	1191.98	0	4217.35
133	134	1822.08	0	365.988
135	136	984.182	0	2751.85
135	680	9017.72	0	1971.26
135	842	4611.08	0	1474.35
136	137	9050.35	0	4517.16
136	168	7120.51	0	4334.5
136	170	836.903	0	1011.32
136	398	751.822	0	3685.02
136	689	4554.71	0	456.033
136	993	4072.06	0	386.656
137	138	5402.82	0	2274.43
137	863	4665.96	0	1472.18
138	139	1452.01	0	1298.85
138	421	9119.22	0	4830.93
138	422	675.729	0	2333.62
139	140	7947.26	0	1499.96
140	141	5887.97	0	1992.35
140	177	6885.01	0	1123.53
140	178	1115.48	0	2826.4
140	458	8758.48	0	4467.47
140	686	5403.23	0	2617.92
140	714	6173.64	0	3276.52
141	142	8981.85	0	3816.5
142	143	8247.3	0	3399.54
142	496	9820.58	0	2149.06
142	497	779.894	0	2177.76
142	892	3565.49	0	4746.66
143	144	48.1065	0	1827.74
143	495	1970.08	0	1670.1
143	496	4668.17	0	3938.03
143	1079	1983.56	0	1518.03
144	145	2865.56	0	346.373
144	700	2617.95	0	938.769
144	905	4955.84	0	3496.73
144	906	6463.45	0	4124.79
145	146	1104.59	0	2894.83
146	147	10.824	0	359.955
147	148	788.369	0	645.845
147	542	9506.67	0	4031.63
148	149	5258.08	0	2832.8
150	151	3191.85	0	1924.24
151	152	1696.55	0	4993.72
151	916	2385.56	0	4608.56
152	153	29.7822	0	1229.24
153	154	5951.81	0	1019.31
154	155	808.668	0	2347.47
154	1145	6000.49	0	4601.54
155	156	4628.63	0	3303.08
155	575	318.495	0	3427.77
156	575	3401.22	0	4229.37
157	158	8761.4	0	2101.03
157	576	4324.92	0	4203.89
158	159	3264.94	0	2215.52
159	160	9719.79	0	4406.09
159	209	9815.44	0	3851.28
160	161	3883.42	0	4984.81
161	162	4924.3	0	4532.13
162	211	862.549	0	782.262
163	164	8738.85	0	4800.57
163	372	2062.24	0	743.202
163	598	1098.39	0	4667.47
163	843	4378.8	0	4922.23
165	166	9092.23	0	1073.95
166	167	9841.5	0	1125.32
167	168	6710.18	0	2300.01
167	855	103.838	0	2893.79
168	169	9581.26	0	2229.69
169	170	6990.95	0	2646.58
170	171	8473.74	0	2050.16
170	399	133.872	0	3290.06
171	172	1379.81	0	1538.4
172	173	7016.3	0	1380.32
172	422	3884.4	0	1137.89
172	423	4668.53	0	4478.47
172	863	7931.36	0	4587.93
173	174	4761.32	0	3354.85
174	175	5017.65	0	2822.28
175	176	682.601	0	1613.17
176	177	6076.17	0	4179.05
176	714	9556.64	0	472.808
176	1029	3556.14	0	3607.21
178	179	176.264	0	1657.71
178	498	906.131	0	3553.12
179	180	6500.61	0	3649.42
179	459	2772.39	0	3542.64
179	498	8329.06	0	4275.3
179	1030	7177.69	0	4996.89
179	1031	1856.27	0	588.461
180	181	6444	0	298.581
180	233	5042.33	0	3587.78
180	234	8995.53	0	1917.9
180	498	9864.66	0	4150.96
180	734	2917.89	0	1159.01
180	1048	7094.81	0	1029.56
181	182	8520.62	0	4860.42
182	183	9806.09	0	315.03
183	184	9309.89	0	1108.29
184	185	4337.17	0	110.272
185	186	4770.96	0	938.04
185	187	5985.01	0	1012.1
185	717	5974.61	0	136.216
186	187	9588.17	0	3005.87
186	1082	8555.97	0	585.38
187	188	5383.25	0	3012.5
187	544	5357.47	0	625.819
187	545	3883.57	0	371.802
187	698	5742.2	0	402.142
188	189	2769.85	0	4049.19
188	718	7805.19	0	992.509
189	190	3851.59	0	679.884
189	542	2971.87	0	3955.98
189	1112	6488.67	0	4831.17
190	191	2263.48	0	4452.39
190	718	1746.46	0	3627.67
191	192	3970.58	0	2335.8
191	193	5481.87	0	1327.3
192	193	7542.39	0	2991.83
192	1152	6187.62	0	4393.79
193	194	1831.3	0	263.061
193	195	9384.41	0	3357.01
193	1115	5371.01	0	1227.75
194	195	6059.59	0	2919.04
194	1123	8720.39	0	1091.68
195	196	4065.77	0	1177.21
195	240	3171.17	0	3964.15
195	1152	4656.29	0	1530.65
196	197	9032.3	0	811.959
196	241	5796.48	0	1231.6
196	242	9935.32	0	1348.33
197	198	4728.81	0	1622.3
198	199	8738.08	0	3618.65
199	200	1184.66	0	3336.94
200	201	9932.02	0	1746.54
201	202	3154.17	0	2814.49
202	203	3458.61	0	1603.26
202	245	5501.17	0	1792.05
202	576	1866.34	0	1560.64
203	204	1070.86	0	2441.69
203	205	7600.11	0	1091.92
203	246	4753.64	0	4030.24
203	930	4993.8	0	1577.32
203	931	7618.02	0	2148.12
204	205	6273.69	0	3545.39
205	206	6012.52	0	1387.81
205	247	7137.1	0	2405.87
205	1169	9756.31	0	146.965
206	207	1697.16	0	409.705
207	208	1110.75	0	4040.28
209	210	3508.72	0	4890.96
210	211	1477.99	0	4542.74
210	932	2965.01	0	139.088
211	1170	5649.72	0	3322.3
212	213	3857.21	0	602.13
213	248	781.42	0	3388
214	215	200.206	0	1980.12
215	216	5579.79	0	491.311
216	217	8740.53	0	1376.5
216	287	6457.64	0	4257.19
216	615	6079.77	0	3394.39
217	218	9867.6	0	4526.06
218	219	8937.87	0	4932.01
219	220	3787.07	0	553.978
220	221	7574.8	0	4242.14
220	702	1291.11	0	2361.74
221	222	8692	0	3558.5
222	223	708.14	0	476.204
222	801	5812.2	0	4850.4
223	224	9276.9	0	3090.56
223	807	1564.27	0	3735.8
224	225	5780.14	0	4359.41
224	707	7633.35	0	256.882
224	708	8236.26	0	440.212
225	226	7853.98	0	654.228
226	227	806.565	0	3577.97
227	810	4481.2	0	2622.57
227	833	7944.96	0	2155.9
227	834	3993.11	0	631.65
228	229	1045.09	0	1431.76
228	729	6306.3	0	2011.32
228	730	9807.45	0	2836.51
228	857	6283.53	0	1539.59
229	230	3917.87	0	1603.5
229	399	7804.87	0	3280.37
230	231	6625.4	0	3594.46
231	232	2809.11	0	4296.55
231	400	3726.71	0	527.572
231	423	8041.01	0	4109.02
232	233	4099.95	0	3912.37
232	426	8410.04	0	1394.52
232	427	8160.35	0	2307.11
232	1032	3220.82	0	4339.86
233	1030	9943.44	0	1235.94
234	235	3785.29	0	2845.29
234	1050	5785.81	0	789.692
235	236	8488.31	0	690.822
235	500	8083.18	0	4002.78
235	501	3297.68	0	3280.17
235	716	1493.91	0	2433.76
235	717	1897.31	0	3870.17
235	719	1230.42	0	2494.62
235	734	7184.58	0	1576.46
236	237	4930.21	0	268.91
236	909	6606.32	0	3820.77
237	238	3952.88	0	2495.95
237	1091	773.378	0	1876.27
238	239	12.2708	0	1648.95
239	240	2689.11	0	958.487
239	545	2996.63	0	3357.04
239	546	8527.34	0	1510.74
239	1117	1790.75	0	2356.39
240	241	3254.72	0	3190.53
240	548	4922.84	0	3073.75
240	562	8577.24	0	4944.29
241	1153	4408.6	0	226.499
242	243	6148.36	0	4581.58
243	244	7465.44	0	3526.66
244	245	7348.64	0	3181.33
245	246	6166.82	0	2750.22
245	275	8423.39	0	3749.73
245	746	3246.09	0	3710.91
248	249	8282.09	0	1348.05
249	250	7083.94	0	3936.55
251	252	7673.57	0	1197.26
251	1008	78.6493	0	4581.47
252	253	4973.02	0	3988.12
252	400	2320.87	0	1026.77
252	710	5557.69	0	3449.9
252	994	458.933	0	2831.93
253	254	8140.27	0	3637.11
253	402	3439.15	0	4505.97
253	859	6683.33	0	4116.58
253	994	3900.29	0	3945.3
254	255	9094.71	0	4659.74
255	256	6396.09	0	4360.62
256	257	3473.05	0	3526.94
257	258	1429.99	0	1609.89
258	259	7019.73	0	3045.29
258	465	2914.41	0	3668.86
258	466	8170.32	0	518.556
259	260	5828.43	0	4087.63
260	261	8085.87	0	1411.09
261	262	1159.82	0	4615.8
261	747	6934.76	0	4870.33
261	893	7306.12	0	1420.51
262	263	7981.55	0	1787.46
263	264	5860.59	0	665.761
263	509	8576.82	0	4617.04
264	265	3710.35	0	311.923
264	508	167.137	0	3436.62
264	511	6133.69	0	3972.03
264	550	4712.04	0	1857.59
264	752	37.2851	0	3510.98
265	266	5831.63	0	808.668
266	267	9700.81	0	4276.83
266	551	643.877	0	1468.56
267	268	2356.25	0	2452.77
267	753	3459.87	0	2455.65
268	269	9859.16	0	3859.36
268	552	2763.73	0	724.747
268	1124	3048.62	0	4828.79
269	270	6455.11	0	1389.48
269	759	2447.04	0	2451.01
269	1125	5606.56	0	2582.38
270	271	9164.47	0	2992.57
271	272	5476.26	0	3468.03
272	273	1229.72	0	4454.94
273	274	9890.27	0	755.611
274	275	6114.4	0	1009.15
275	577	7336.55	0	4495
276	277	5586.22	0	3798.85
276	283	538.519	0	1715.94
276	289	5100.19	0	2422.74
276	377	7895.25	0	1052.55
276	836	30.3212	0	1476.68
277	278	7314.91	0	3164.11
277	710	11.9966	0	2050.59
278	279	694.113	0	2912.22
278	1007	5621.37	0	4640.31
279	280	8255.03	0	900.937
279	286	4861.58	0	471.476
279	291	6518.61	0	843.951
279	432	4349.33	0	769.009
279	433	3004.95	0	1906
280	755	7872.78	0	3056.08
280	895	2601.23	0	683.289
280	896	1255.94	0	2061.04
281	282	8429.51	0	3989.45
281	554	7903.27	0	546.514
283	284	8300.4	0	621.771
283	290	8829.85	0	1422.62
283	295	8921.31	0	1956.21
283	296	2633.69	0	227.929
283	309	535.843	0	3883.52
283	403	9559.62	0	3218.06
283	404	9603.95	0	576.643
283	846	353.253	0	3997.17
283	847	9807.62	0	3647.87
284	285	9061.59	0	575.366
285	286	9897.67	0	2389.11
286	864	2599.41	0	737.326
287	288	25.157	0	4148.84
288	289	7798.67	0	955.886
290	291	2086.76	0	4725.35
291	292	9439.03	0	4439.2
291	434	4243.18	0	3524.65
292	293	6293.62	0	2251.97
293	294	9002.11	0	3903.17
296	297	7445.49	0	1262.94
296	864	8207.22	0	1080.78
296	865	4991.21	0	4302.1
297	781	6301.41	0	2377.2
297	782	7296.67	0	3075.14
298	299	9856.48	0	4554.85
298	313	323.67	0	2889.25
298	473	9911.68	0	3800.83
299	300	6019.65	0	3355.66
300	301	4292.63	0	4319.49
301	302	423.812	0	3319.4
302	303	7558.22	0	4986.39
303	304	9712.31	0	2667.42
303	518	1487.38	0	787.097
303	519	399.185	0	3248.42
304	305	6287.26	0	4042.49
304	941	6988.4	0	2887.5
305	306	1463.22	0	754.459
306	307	6829.81	0	195.941
307	308	803.187	0	1094.51
309	310	3563.16	0	2842.53
310	311	9382.88	0	3225.54
311	312	5495.32	0	2835.68
311	434	1984.32	0	736.594
312	313	6515.17	0	944.903
312	320	2777.8	0	1831.31
313	314	2663.76	0	3534.2
314	315	432.578	0	774.428
315	316	2542.03	0	1333.58
315	521	3422.19	0	3651.54
316	317	756.689	0	1230.71
316	944	9649.3	0	2563.23
318	319	7203.54	0	378.474
318	405	1050.23	0	2917.26
318	406	5734.94	0	4219.58
319	320	9507.47	0	2304.03
319	865	3365.84	0	4405.74
319	866	4880.15	0	4432.69
320	321	4302.81	0	4651.62
320	435	3970.65	0	4047.64
321	322	8894.38	0	2830.71
322	323	2477.33	0	1155.8
323	324	5527.79	0	2021.81
324	325	6837.36	0	3658.41
325	326	5805.67	0	921.89
326	327	8771.76	0	4609.32
327	522	7569	0	4981.53
328	329	6986.67	0	2654.94
328	406	1332.51	0	2828.33
328	407	5907.97	0	4723.28
329	330	5146.64	0	1620.99
330	331	3535.74	0	4690.31
331	332	5633.9	0	4795.52
332	333	1394.41	0	2086.16
333	334	8737.31	0	4062.11
333	342	1466.15	0	2557.49
334	335	4240.38	0	2481.31
334	869	5123.26	0	4814.54
335	336	2750.22	0	1479.8
335	443	7392.97	0	504.96
336	337	6515.08	0	921.569
336	442	4994.74	0	4253.45
336	953	4425.59	0	1612.05
337	338	365.851	0	4032.85
337	953	334.915	0	3235.27
338	339	5037.23	0	201.641
338	530	2756	0	2019.36
338	531	6375.94	0	2458.11
338	956	5634.5	0	2249.95
340	341	5078.86	0	884.126
340	349	1236.22	0	4204.77
340	407	6796.67	0	3668.17
340	853	8547.09	0	2672.93
341	342	5129.85	0	979.373
341	975	78.3766	0	146.105
342	343	2763.97	0	3980.16
342	350	4833.24	0	568.479
343	344	3777.07	0	4334.99
344	345	5649.18	0	3481.82
345	346	9978.42	0	4106.44
345	444	5392.72	0	3699.2
345	964	9425.22	0	2495.98
346	347	9751.82	0	4427.27
346	443	8873.17	0	2457.97
346	955	4843.57	0	4335.33
347	348	8027.16	0	3199.65
349	350	6158.45	0	2868.18
350	351	9079.39	0	4300.56
350	976	2977.27	0	3995.25
351	352	6855.1	0	1023.75
352	353	4615.57	0	2977.84
352	448	7644.04	0	4665.49
352	449	6786	0	2362.08
354	355	304.67	0	3308.41
356	357	3907.52	0	4363.85
357	358	3481.2	0	1302.85
358	359	6561.27	0	1168.46
359	360	2007.44	0	2587.49
360	361	9229.67	0	2295.78
360	610	1848.52	0	3512.87
360	611	3164.35	0	645.118
361	362	5789.06	0	1937.89
362	363	9996.5	0	4918.22
363	799	71.947	0	3598.13
363	800	1062.94	0	3891.5
364	365	7364.76	0	2870.37
365	366	1396.21	0	4140.45
366	381	5728.44	0	2038.91
366	589	6884.01	0	365.963
367	368	6011.17	0	3742.42
368	369	3641.64	0	1655
368	839	6595.79	0	4720.87
369	370	8244.42	0	590.717
369	622	5247.06	0	4399.62
372	373	5372.63	0	4669.14
372	792	5820.2	0	2421.94
374	375	2351.52	0	3407
374	830	3352.92	0	2496.12
374	831	4352.18	0	590.281
375	795	2966.83	0	2945.07
375	796	2523.75	0	528.775
376	377	3168.5	0	2505.47
376	710	6863.05	0	2712.17
376	997	256.528	0	4775.67
376	1005	1264.66	0	2265.56
378	379	5594.87	0	4774.33
378	985	5916.14	0	2931.6
379	380	3683.53	0	3587.72
380	381	8218.49	0	2829
382	383	6216.16	0	3535.37
383	384	2114.36	0	3298.99
384	385	3990.44	0	3715.37
385	386	8208.66	0	3842.79
386	387	3176.12	0	3375.73
388	389	2122.22	0	3806.98
388	860	3877.61	0	4396.04
389	390	8183.64	0	4960.79
389	854	3617.31	0	1266.54
391	392	5477.55	0	4690.6
393	394	3905.61	0	1761.85
393	986	6746.86	0	2582.42
394	395	8831.74	0	3919.16
395	396	4441.72	0	3319.78
396	668	6894.77	0	1839.31
397	398	6500.91	0	4351.09
398	681	8062.03	0	1959.18
399	400	5555.95	0	1402.98
399	423	9810.3	0	4364.07
400	401	2082.79	0	4833.45
400	730	9113.82	0	1339.99
400	731	5371.42	0	3912.72
400	1018	8195.4	0	3921.36
401	402	7917.96	0	4215.97
401	451	5247.71	0	1169.22
401	474	2454.34	0	724.457
402	403	5065.3	0	3451.37
402	1007	6686.2	0	2773.87
404	405	4877.3	0	3685.01
406	850	2457.8	0	2636.98
408	409	1006.15	0	1845.15
408	861	3644.93	0	2913.73
408	1023	1565.68	0	3804.85
409	410	4609.64	0	2554.88
410	411	7163.63	0	1091.62
411	1013	2301.9	0	4727.18
412	413	38.7258	0	1325.31
412	875	5656.34	0	3603.59
412	1028	9696.39	0	2368.55
413	1014	3976.16	0	3119.91
414	415	5991.11	0	2357.1
415	416	7379.23	0	1962.86
415	668	5765.92	0	3022.88
415	669	5355.8	0	1189.87
415	882	3844.91	0	2463.54
416	417	2080.38	0	2805.45
417	418	7014.93	0	942.356
418	419	6764.61	0	321.461
419	420	8808.82	0	2274.95
420	421	7880.61	0	3220.26
420	689	9473.49	0	3013.57
420	690	8638.33	0	650.823
421	682	1031.78	0	4732.38
423	424	3967.55	0	2106.74
423	711	2062.4	0	401.759
424	425	3454.25	0	1893.93
425	426	9710.34	0	854.168
427	428	3173.23	0	826.701
427	731	7089.33	0	1000.99
427	732	1388.5	0	1509
428	429	4614.64	0	2362.09
428	731	8866.76	0	266.605
428	1015	8985.81	0	4656.11
429	430	3512.84	0	1963.82
430	431	9464.49	0	4794.36
431	432	3908.31	0	4697.67
431	464	3687.36	0	2431.44
431	1018	3363.15	0	2338.39
432	433	2284.59	0	120.667
432	1019	9107.29	0	4734.65
433	467	4870.96	0	1127.18
435	436	7090.92	0	1806.45
436	437	9948.19	0	542.146
437	438	3447.68	0	3857.57
438	439	9025.33	0	1777.3
438	522	9837.75	0	4817.62
438	949	9127.63	0	252.122
439	440	9753.03	0	2490.59
439	526	2458.12	0	619.956
439	527	1651.19	0	3703.63
439	949	6029.05	0	2408.85
440	441	6159.57	0	4484.15
441	442	5308.16	0	2389.7
441	952	5084.75	0	2934.43
444	445	6327.5	0	4126.21
444	968	3062.32	0	2391.12
445	446	4700.37	0	3324.85
446	447	2222.83	0	2318.88
447	448	8327.48	0	4964.92
447	972	2656.62	0	4783.97
449	450	3962.49	0	1825.58
451	452	4909.36	0	4530.22
452	477	979.689	0	2641.35
452	478	1414.56	0	4886.11
452	884	9689.4	0	3595.38
453	873	1641.99	0	2449.28
453	880	1737.57	0	4659.44
453	884	4097.29	0	1650.67
454	455	4839.97	0	1647.01
454	881	9722.1	0	2428.6
455	456	919.337	0	4186.66
457	458	3049.18	0	2571.21
458	686	3752.54	0	2080.44
458	687	6201.13	0	454.375
458	693	3118.63	0	1171.39
459	460	5538.62	0	2525.86
459	1044	9960.68	0	691.663
460	461	4325.48	0	1433.75
460	1017	7177.68	0	440.079
461	462	4856.38	0	2629.53
461	463	4221.2	0	4629.84
461	716	5505.01	0	3914.56
461	734	8714.03	0	1812.78
462	463	5088.36	0	549.851
463	464	1399.7	0	3411.69
463	1046	8851.73	0	3542.37
464	465	5464.82	0	4299.73
464	747	5843.26	0	1505.99
466	467	6731.87	0	372.212
467	468	8276.68	0	4237.78
467	1066	3777.18	0	2706.45
468	469	2284.76	0	3183.23
469	470	8040.84	0	3010.72
469	895	1778.04	0	2574.2
469	1067	9994.68	0	3528.22
470	471	1326.59	0	4744.23
471	472	2590.06	0	4317.32
472	473	1207.08	0	4063.43
472	898	5253.81	0	2948.46
474	475	6030.93	0	319.6
475	476	5910.5	0	269.503
476	477	2857.62	0	2768.57
476	899	8542.99	0	4071.59
477	478	2101.16	0	2897.83
478	619	7611.39	0	3257.22
479	480	7957.45	0	3912.07
480	481	6439.37	0	1275.23
481	482	3334.76	0	1075.95
481	627	4240.52	0	3918.65
482	483	7582.19	0	1024.22
483	484	5518.99	0	3398.79
485	486	4691.04	0	3202.72
486	487	8720.54	0	4291.42
486	671	1133.9	0	4819.93
487	488	493.141	0	1469.82
488	489	9787.09	0	3075.67
488	674	3933.85	0	869.293
489	490	3465.46	0	3564.1
489	673	9093.46	0	4110.39
490	491	7705.95	0	2125.06
490	493	5223.43	0	3588.53
490	494	1700.75	0	3058.93
491	492	6151.68	0	2192.6
496	695	2441.02	0	4146.93
496	892	9434.36	0	2253.85
497	498	5292.62	0	1477.4
498	499	9031.02	0	2037.24
498	688	4346.32	0	609.701
498	697	5700.13	0	2218.39
499	500	8217.28	0	1024.46
501	502	4684.86	0	4812.6
502	503	4350.2	0	2367.57
502	1045	1807.06	0	1579.55
503	504	665.545	0	2170.09
503	736	85.7477	0	527.306
503	737	9242.3	0	2172.06
503	748	1800.35	0	3113.96
503	909	8780.29	0	4356.84
504	505	3519.08	0	3361.75
504	749	7435.56	0	3227.48
504	1051	7627.44	0	597.554
505	506	900.658	0	1155.8
505	750	4052.71	0	4080.63
506	507	5060.39	0	3296.25
507	508	380.117	0	1446.55
507	751	1650.75	0	2235.52
507	752	8169.51	0	844.735
507	1047	6319.51	0	351.959
508	1052	3471.78	0	3869.19
509	510	8907.37	0	4361.14
509	757	5536.03	0	3017.37
510	511	7380.93	0	4370.12
511	512	9606.78	0	651.737
511	553	8225.3	0	2349.79
511	758	8980.55	0	2158.92
512	1094	8700.19	0	2754.4
513	514	2146.75	0	1196.48
513	557	3725.71	0	2872.66
514	515	7928.46	0	2142.82
514	784	1545.88	0	1466.24
515	516	3695.41	0	723.865
515	1107	8782.72	0	3804.87
516	517	8504.43	0	4107.45
517	518	3916.08	0	4994.11
519	520	1132.86	0	2289.07
520	521	1587.84	0	4183.61
522	523	2149.25	0	3590.09
522	950	7224.09	0	2759.06
523	524	5064.43	0	635.171
524	525	8908.58	0	2992.36
525	526	6577.23	0	3254.26
527	528	663.468	0	4316.59
528	529	6585.15	0	703.604
529	530	6384.35	0	3637.51
531	532	9877.76	0	3484.04
531	958	5771.21	0	516.917
532	533	3050.25	0	151.655
533	955	6146.59	0	2697.44
534	535	5557.12	0	1744.93
534	590	8921.86	0	3146.16
535	1138	2004.92	0	877.649
536	620	8265.91	0	661.445
536	621	9143.74	0	3353.76
537	538	6656.17	0	3490.4
537	1109	855.123	0	3436.72
538	539	9286.68	0	2879.02
539	1111	5682.89	0	4154.75
540	541	9282.95	0	469.007
542	543	551.582	0	3758.51
542	544	7488.25	0	3469.43
543	544	4360.66	0	597.743
544	698	3142.97	0	629.152
544	701	7225.2	0	4750.56
546	547	1227.75	0	184.486
547	548	556.079	0	4880.5
547	909	4516.94	0	4527.69
548	549	6091.92	0	2093.15
549	550	9038.47	0	486.096
549	740	7093.12	0	2901.53
549	741	1931.09	0	2117.8
549	752	2393.03	0	3980.3
551	552	1810.43	0	3436.39
552	553	1888.9	0	3566.9
553	759	7043.48	0	127.322
554	555	7859.33	0	2806.11
555	556	4480.87	0	1565.13
556	557	6379.51	0	329.182
558	559	7384.24	0	4009.31
558	592	363.637	0	1278.38
558	593	6176.59	0	4813.78
560	561	5220.33	0	3728.54
561	910	1256.01	0	4214.78
562	563	9727.38	0	1691.15
562	744	9536.87	0	2771.79
562	745	9633.67	0	1002.68
562	1153	7754.99	0	4320.1
563	564	2863.52	0	2025.23
564	565	5942.82	0	4336.87
565	566	6846.01	0	3863.35
565	579	7025.34	0	4988.04
566	567	791.86	0	4677.45
566	774	5715.21	0	3598.79
567	568	3637.2	0	4506.31
568	569	8314.09	0	3766.18
569	570	5527.8	0	810.151
571	572	9492.3	0	1180.34
573	574	8692.57	0	2988.37
574	575	9565.9	0	602.112
574	1149	7441.45	0	3215.58
576	930	5922.08	0	293.605
576	1163	5901.92	0	3792.62
577	765	7569.83	0	4952.41
577	766	533.996	0	3692.46
578	579	200.169	0	1112.7
579	580	5303.97	0	4544.91
579	1154	8226.25	0	3654.24
580	581	7854.78	0	2849.17
580	774	506.158	0	1396.82
580	927	4757.73	0	4009.23
581	582	7586.26	0	962.438
582	583	766.396	0	4265.26
583	584	7894.59	0	2017.35
585	586	4751.03	0	4551.63
586	587	567.32	0	3205.23
586	811	4875.35	0	3582.2
586	819	2844.12	0	2300.93
587	588	1666.06	0	2140.08
588	589	5743.83	0	4182.29
590	591	3297.6	0	4402.76
591	592	3118.91	0	4005.15
592	917	8425.98	0	1866.15
593	594	4219.99	0	1999.44
594	595	5742.19	0	3533.77
596	597	6530.21	0	3886.26
596	883	4857.79	0	2022.61
597	1071	913.902	0	2463.46
597	1072	3970.71	0	3103.93
599	600	2133.7	0	374.777
599	818	3792.57	0	4073.31
599	828	2908.94	0	2640.62
599	829	190.14	0	3693.38
600	601	9280.4	0	256.99
601	602	1777.49	0	1334.89
602	603	8181.33	0	899.891
602	984	4134.3	0	751.281
603	604	2240.74	0	518.578
603	633	7054.57	0	1346.05
604	605	3603.32	0	2906.29
605	606	5838.58	0	1851.11
606	607	7767.28	0	1437.86
607	608	2344.72	0	4304.97
607	799	6649.31	0	421.043
608	609	7034.98	0	3787.95
611	612	1351.04	0	2845.06
612	613	9029.32	0	1886.24
613	614	8906.72	0	4620.86
613	715	4665.91	0	3550.77
614	615	3743.53	0	2874.42
616	617	3267.63	0	1517.42
617	618	8694.24	0	1311.51
618	1138	1830.18	0	4349.96
619	620	4249.03	0	1836.48
622	623	1589.59	0	2003.11
622	840	6768.83	0	819.968
623	624	7074.15	0	354.149
624	625	5000.63	0	1539.1
625	626	8884.07	0	1739.8
627	861	2073.97	0	609.794
628	901	3609.64	0	4433.16
632	841	7491.09	0	4479.37
632	990	4528.45	0	3925.48
632	991	8811.42	0	3654.82
633	634	9132.78	0	491.936
634	635	821.251	0	2001.78
635	636	9646.22	0	4559.29
636	637	4005.46	0	724.863
637	638	7191.59	0	801.652
638	639	9643.28	0	1937.29
640	641	9377.51	0	4341.54
641	642	4332.26	0	122.075
642	643	67.2821	0	3466.41
642	983	3812.96	0	3509.67
643	644	1849.12	0	4629.27
645	646	4200.76	0	4975.81
646	647	7807.26	0	4012.56
648	649	3222.51	0	3546.66
649	650	3292.98	0	2819.96
650	651	2655.77	0	561.138
650	812	7851.5	0	2921.21
652	653	1439.09	0	3107.45
653	654	9399.47	0	1359.91
654	655	4201.67	0	4909.63
656	657	2817.3	0	619.707
657	658	1562.91	0	1124.05
658	659	4333.87	0	3970.42
659	660	7312.19	0	3718.43
660	661	1258.72	0	939.315
661	662	5054.9	0	4774.72
662	663	547.53	0	1975.13
663	664	4187.97	0	3981.61
664	823	6559.24	0	4483.72
665	666	369.596	0	2642.02
666	667	5897.77	0	1732.23
670	671	3260.75	0	233.6
670	672	1307.86	0	3845.61
672	673	5875.76	0	1310.91
673	889	882.765	0	3787.03
674	675	5803.92	0	1957.24
675	676	9442.36	0	3999.92
678	679	9101.89	0	4892.96
679	680	8958.45	0	2509.49
681	682	3919.14	0	1968.78
681	1025	4699.48	0	4540.32
682	683	4785.71	0	1560.81
682	691	2027.92	0	359.589
683	684	9706.14	0	2966.92
684	685	4886.75	0	2227.95
685	686	5036.8	0	2344.46
685	886	5723.38	0	3209.45
686	1029	2958.94	0	3865.92
687	688	3409.84	0	3390.64
687	1042	8307.54	0	2235.4
690	691	9107.04	0	1265.56
691	692	2507.41	0	483.274
692	885	376.436	0	2928.14
692	886	5888.88	0	545.137
693	694	4166.41	0	4627.28
695	696	1501.49	0	2121.61
695	1080	7949.88	0	4127.05
696	697	4899.04	0	3300.6
697	698	3044.27	0	289.208
697	699	6779.93	0	1689.53
697	906	8186.57	0	783.364
697	907	186.935	0	3910.6
698	699	4705.2	0	3152.54
700	701	1009.88	0	1746
701	1081	1847.47	0	4486.56
702	703	4488.35	0	3726.09
703	704	3619.64	0	1002.08
704	705	8746.51	0	680.398
705	706	8162.34	0	2419.9
706	707	2643.61	0	214.931
708	709	9766.11	0	475.123
708	808	9201.7	0	854.004
708	810	2749.46	0	2388.92
709	809	7397.18	0	1682.95
710	727	9766.5	0	422.844
710	844	1787.74	0	1399.27
710	845	7104.28	0	4434.04
711	712	7850.28	0	3158.48
712	713	3031.89	0	450.733
713	714	7927.29	0	4663.35
714	1030	6857.75	0	3448.07
716	735	2240.51	0	4851.06
719	720	2378.58	0	4084.8
720	721	1662.88	0	3624.93
721	722	2600.07	0	573.719
721	1091	2313.91	0	1742.59
722	723	9236.31	0	1652.35
723	724	9886.49	0	203.624
724	725	1681.56	0	4424.2
724	1090	4415.33	0	3313.59
724	1115	8900.38	0	4091.98
725	726	9778.54	0	3396.35
727	728	4701.94	0	2387.53
727	1008	5148.62	0	2308.57
727	1009	1429.92	0	400.347
728	729	7811.91	0	4648.41
728	858	3444.55	0	2395.35
732	733	9245.11	0	1056.17
733	734	5370.75	0	2068.69
735	736	8483.34	0	140.992
737	738	6922.57	0	1006.99
738	739	5716.73	0	2138.15
738	751	8670.96	0	920.839
738	909	6164.65	0	2462.93
739	740	5096.21	0	1681.99
742	743	2200.38	0	1005.93
743	744	644.272	0	2689.11
744	754	3304.95	0	3254.08
745	746	9843.01	0	2488.07
747	748	2905.22	0	1759.72
748	749	113.821	0	2336.37
750	751	3823.77	0	3584.68
751	752	9731.68	0	854.178
753	754	297.529	0	4845.11
755	756	6981.29	0	2817.4
756	757	8283.1	0	1580.19
757	758	6158.99	0	264.183
757	1068	9896.3	0	811.055
759	760	3017.57	0	3841.1
760	761	6457.4	0	1282.73
761	762	2208.55	0	2527.21
762	763	6585.99	0	178.021
763	764	2671.99	0	4637.97
764	765	341.131	0	4133.5
765	921	2269.21	0	1358.31
766	767	2133.26	0	1558.07
767	768	3244.14	0	4198.98
767	934	3264.8	0	3276.31
767	1155	313.394	0	2090.2
767	1156	6614.5	0	3596.52
768	769	6109.65	0	550.91
769	770	1951.22	0	2343.14
770	771	7848.23	0	282.218
771	772	3439.8	0	1789.81
772	773	1231.65	0	3438.21
775	776	5399.88	0	3731.62
776	777	4054.26	0	930.571
777	778	5081.01	0	555.074
778	779	4047.71	0	2349.16
780	781	9392.44	0	132.277
780	896	8996.51	0	3814.78
780	897	2732.78	0	3544.99
782	783	9591.98	0	2309.42
783	784	6477.35	0	3882.75
785	786	3335.94	0	4008.76
786	787	9657.39	0	2921.86
787	788	7599.4	0	4879.47
788	789	621.839	0	4041.06
789	790	5590.24	0	4167.31
790	791	9778.25	0	2441.78
791	948	884.812	0	1887.6
792	793	885.992	0	794.861
793	794	2278.27	0	2764.96
794	795	26.5777	0	3605.69
794	843	8975.57	0	2397.55
796	797	6589.89	0	4497.79
797	798	6314.65	0	1500.96
798	799	8393.66	0	2626.43
800	801	650.344	0	3636.65
801	806	1705	0	3021.74
802	803	9208.75	0	3055.57
803	804	3512.51	0	1277.62
804	805	286.054	0	2697.84
805	806	2080.24	0	1718.04
807	808	3885.81	0	173.377
808	809	6318.04	0	3541.59
812	813	2043.66	0	1178
813	814	5026.57	0	1853.37
814	815	5656.4	0	876.178
815	816	5270.3	0	2890.09
816	817	8280.58	0	2347.17
817	818	5190.55	0	2934.15
820	821	4302.74	0	4012.58
821	822	5685.7	0	3755.74
823	824	7021.65	0	2664.65
824	825	2598.44	0	3718.23
825	826	4717.15	0	335.15
826	827	1180.75	0	4849.56
827	828	9802.94	0	3489.01
828	982	1810.38	0	2634.58
829	830	4864.63	0	1688.88
831	832	7539.04	0	1192.78
834	835	7818.01	0	4075.13
835	836	2515.79	0	2762.9
837	838	9119.37	0	1853.55
838	839	1831.68	0	3990.32
841	986	8481.7	0	1512.07
842	992	840.394	0	1936.9
845	846	3803.76	0	4534.57
845	995	3098.05	0	3809.28
845	996	68.3807	0	1915.18
847	848	5866.52	0	203.238
848	849	9204.6	0	294.399
849	850	1160.14	0	647.24
850	851	8928.32	0	820.431
851	852	4139.73	0	1525.99
852	853	1680.63	0	3851.06
855	856	1751.46	0	2593.69
856	857	6016.42	0	2993.17
858	859	3683.7	0	4440.78
861	1026	7726.28	0	513.583
866	867	9625.98	0	4275.82
867	868	5051.59	0	1056.33
868	869	5775.43	0	606.781
870	871	9747.35	0	1581.83
871	872	5814.98	0	2024.99
872	873	3531.51	0	2551.11
873	874	4783.75	0	3429.92
873	1027	4738.26	0	291.238
875	876	889.978	0	4302.75
876	877	5677.17	0	1218.09
877	878	6229.41	0	788.52
879	880	9237.17	0	2569.88
881	882	4305.03	0	2015.61
883	884	2499.74	0	4961.96
883	1022	8701.2	0	152.114
890	891	6183.28	0	4249.31
891	892	4484.82	0	1426.51
892	1043	8537.64	0	4269.62
893	894	9465.6	0	3208.19
893	1064	5561.82	0	1042.06
893	1065	8158.82	0	3849.59
894	895	2248.06	0	3883.47
895	1063	4652.33	0	2699.6
895	1068	574.745	0	3664.47
897	898	3196.51	0	2651.14
899	900	1090.45	0	4469.84
901	902	5228.94	0	214.633
902	903	1653.66	0	1800.22
904	905	2070.17	0	4179.76
906	1081	3989.91	0	1929.33
907	908	7309.83	0	3968.61
910	911	632.111	0	2780.51
912	913	5556.38	0	176.304
914	915	9547.07	0	4789.68
915	916	660.916	0	365.962
917	918	3330.32	0	3549.27
917	1127	7243.1	0	4934.14
917	1128	5539.76	0	1893.09
918	919	8815.11	0	1010.16
918	1130	5293.47	0	1013.13
919	920	1022.68	0	276.094
921	922	1060.32	0	540.626
923	924	3172.25	0	561.164
924	925	7011.72	0	763.661
925	926	8581.33	0	2497.51
927	928	3530.78	0	2985.84
928	929	5283.74	0	4630.08
932	933	8192.8	0	2785.82
934	935	97.2297	0	667.711
935	936	1420.28	0	2654.53
937	938	2790.69	0	4332.88
938	939	1856.25	0	4331.51
939	940	3158.71	0	1119.71
941	942	971.277	0	3355.54
942	943	8282.6	0	4121.81
944	945	5569.93	0	2024.7
945	946	4783.75	0	903.736
946	947	2300.82	0	3808.33
947	948	4318.54	0	3527.08
949	951	5735.65	0	485.682
953	954	3630.92	0	1101.8
954	955	6988.83	0	3637.04
956	957	1072.54	0	3177.75
957	958	690.075	0	1175.6
958	959	1297.6	0	1301.03
958	961	8792.64	0	1672.65
959	960	2783.57	0	4965.25
961	962	802.344	0	1868.71
962	963	8254.49	0	2195.48
964	965	1199.06	0	2555.85
964	967	7928.96	0	4886.85
965	966	6563.04	0	1065.35
967	968	165.974	0	2341.93
968	969	3071.11	0	1469.68
970	971	2075.87	0	938.519
973	974	6433.03	0	3854.06
973	977	5685.93	0	439.036
974	975	8670.7	0	728.988
978	979	6107.66	0	1222.29
979	980	4030.21	0	4577.26
980	981	5016.2	0	2983.29
981	982	7925.9	0	4772.12
983	984	8823.44	0	4777.48
986	987	1733.52	0	4149.8
987	988	8543.34	0	2549.06
989	990	6553.08	0	172.611
992	993	2093.99	0	2954.93
994	995	2757.74	0	4110.57
994	1009	7218.92	0	504.856
997	998	245.21	0	1537.73
997	1000	7616.74	0	632.638
997	1001	2423.49	0	1406.2
998	999	8326.16	0	3997.09
1001	1002	7274.59	0	4920.78
1002	1003	9114.06	0	2589.45
1003	1004	3815.66	0	4065.7
1005	1006	9595.62	0	3331.31
1010	1011	6907.41	0	787.492
1010	1012	487.691	0	2176.69
1013	1014	1728.43	0	1964.14
1015	1016	1086.21	0	738.534
1016	1017	9536.85	0	1771.49
1018	1019	8771.8	0	1419.61
1020	1021	1585.03	0	245.453
1023	1024	9620.03	0	1069.62
1024	1025	743.149	0	1546.61
1030	1032	4260.35	0	2431.6
1033	1034	3022.47	0	506.221
1037	1038	9261.7	0	3332.73
1039	1040	7878.31	0	2922.65
1040	1041	5693.28	0	3118.33
1045	1046	4966.47	0	3570.14
1048	1049	3675.48	0	542.596
1049	1050	5427.03	0	1728.61
1053	1054	2229.21	0	4169.03
1054	1055	4636.93	0	2323.82
1055	1056	5701.56	0	4020.87
1056	1057	2886.38	0	3933.67
1057	1058	4278.53	0	570.246
1058	1059	3279.06	0	944.606
1060	1061	4238.65	0	3973.75
1061	1062	420.533	0	2702.61
1062	1063	3709.76	0	1145.23
1065	1066	9013.85	0	4753.97
1069	1070	4694.6	0	3082.35
1072	1073	7277.26	0	2567.58
1073	1074	3461.62	0	4379.03
1075	1076	9716.05	0	2820.26
1078	1079	8832.73	0	4313.15
1083	1084	2872.39	0	1103.37
1084	1085	9263	0	3569.27
1085	1086	7049.97	0	2815.49
1086	1087	1620.7	0	4810.85
1087	1088	9544.04	0	177.479
1088	1089	8172.66	0	3636.8
1089	1090	2618.88	0	1737.54
1089	1114	1460.53	0	4380.63
1092	1093	5531.34	0	3022.82
1094	1095	8265.52	0	4454.94
1096	1097	4506.04	0	3369.28
1097	1098	3257.89	0	3008.4
1098	1099	4583.52	0	4887.81
1099	1100	3565.28	0	2907.85
1100	1101	6404.96	0	749.947
1101	1102	301.918	0	4150.72
1102	1103	8766.22	0	245.559
1103	1104	9098.17	0	1026.04
1104	1105	3667.97	0	881.598
1106	1107	6.80488	0	109.835
1108	1110	5406.17	0	2466.82
1112	1113	1467.11	0	3623.44
1115	1116	6629.2	0	2717.6
1116	1117	6468.69	0	2238.97
1117	1118	1533.9	0	861.057
1117	1123	2041.68	0	2471.7
1118	1119	9251.71	0	740.736
1119	1120	9668.52	0	3401.34
1120	1121	2050.75	0	2758.65
1121	1122	8355.51	0	1067.88
1126	1127	2665.29	0	2588.58
1128	1129	7631.18	0	1125.01
1128	1139	8796.88	0	1111.86
1130	1131	8578.73	0	3332.21
1131	1132	3951.15	0	3805.37
1131	1141	8342.25	0	3279.32
1132	1133	9703.11	0	122.316
1133	1134	3939.89	0	4991.98
1134	1135	1122.97	0	2077.99
1136	1137	7913.23	0	3867.49
1140	1141	8623.84	0	3004.2
1144	1145	2943.01	0	2151.99
1146	1147	7153.63	0	2601.04
1150	1151	548.256	0	567.234
1154	1155	2828.34	0	757.342
1157	1158	6451.15	0	373.602
1159	1160	5783.79	0	801.351
1161	1162	9239.94	0	4452.87
1163	1164	5735.18	0	1531.17
1164	1165	4934.12	0	4451.5
1166	1167	2115.41	0	217.112
1167	1168	1591.52	0	4930.23
1168	1169	6926.48	0	4331.37
1170	1171	6059.86	0	2357.37
1172	1173	128.116	0	2842.33
