eps: 0.1 lambda_f:1 lambda:0.2 genres limit:12
10	12	14	16	18	20	22	24	26	28	30	
ParallelDistortedFilter 
revenue: 
4.59185	5.42246	6.08042	7.15895	7.64921	8.18859	8.53308	9.05115	9.66379	10.0097	10.4569	
oracle times: 
28799	32960	32969	37899	37865	37847	42176	42057	41883	42061	42059	
memory: 
300	504	588	672	728	798	1175	1264	1373	1406	1474	
IterativeDistortedFilter 
revenue: 
4.68316	5.46203	6.21473	6.90562	7.56154	8.17253	8.73383	9.19577	9.72341	10.2183	10.682	
oracle times: 
5451	5463	5480	5503	5520	5543	5579	5584	5600	5610	5618	
Haba 
revenue: 
3.76451	4.38977	4.90759	5.71375	6.48459	7.24859	7.78914	8.23244	8.81865	9.17561	9.83093	
oracle times: 
52967	55048	54467	57327	55154	56096	57751	57263	55628	55519	55053	
RandomMultiGreedy 
revenue: 
4.4891	5.22749	5.91575	6.57824	7.2159	7.8104	8.39022	8.9312	9.0092	9.0092	9.0092	
oracle times: 
1851	1862	1870	1883	1892	1908	1916	1934	1938	1938	1938	
RandomSelection 
revenue: 
-0.948662	-1.73375	-2.27274	-2.3866	-2.38943	-2.45323	-2.16239	-1.96923	-2.71419	-2.59157	-2.40543	
oracle times: 
0	0	0	0	0	0	0	0	0	0	0	
